321,13
321,0
321,12
321,10
4294967279,329
321,11
321,9
321,5
321,8
321,7
321,6
319,12
319,0
319,11
319,10
319,9
319,5
319,8
319,7
319,6
4294967278,154
4294967278,143
4294967279,140
4294967279,277
4294967278,270
4294967278,153
4294967278,144
4294967294,436
0,5
4294967279,355
4294967294,1
4294967278,428
4294967278,135
321,4
321,3
321,2
321,1
4294967279,270
4294967278,427
4294967294,120
4294967294,2
4294967294,391
4294967294,179
4294967294,46
4294967278,283
4294967278,269
4294967278,268
4294967278,267
4294967278,282
4294967279,569
4294967278,281
4294967279,275
319,4
319,3
319,2
319,1
4294967294,94
4294967294,96
4294967294,1417
317,6
4294967279,328
317,5
317,4
317,3
317,2
317,1
4294967294,443
4294967294,0
316,5
316,4
316,3
316,2
316,1
0,7
4294967294,17
4294967294,67
4294967294,42
4294967278,426
315,5
315,4
315,3
315,2
315,1
4294967279,226
4294967279,224
4294967294,93
4294967294,95
4294967279,220
4294967279,218
314,5
314,4
314,3
314,2
314,1
4294967278,336
312,4
312,3
312,2
312,1
4294967294,27
4294967294,28
4294967294,29
4294967294,90
4294967294,86
4294967294,84
4294967294,1414
4294967294,1078
4294967278,425
4294967294,418
4294967294,1048
4294967294,423
4294967294,426
4294967278,326
4294967279,515
4294967294,1044
4294967278,424
4294967294,25
4294967294,1074
4294967294,26
4294967294,51
4294967294,201
4294967294,82
311,13
311,0
311,12
311,10
4294967278,263
311,11
311,9
311,5
311,8
311,7
311,6
309,12
309,0
309,11
309,10
309,9
309,5
309,8
309,7
309,6
4294967278,369
4294967279,566
4294967279,249
4294967278,246
4294967279,237
4294967278,391
4294967278,423
311,4
311,2
311,1
4294967279,293
309,4
309,3
309,2
309,1
307,6
307,5
307,4
307,3
307,2
307,1
4294967279,287
306,5
306,4
306,3
306,2
306,1
4294967278,389
305,5
305,4
305,3
305,2
305,1
4294967294,411
304,5
304,4
304,3
304,2
304,1
302,4
302,3
302,2
302,1
4294967279,244
4294967294,8
4294967279,236
4294967294,192
4294967294,1039
4294967279,555
4294967278,422
4294967279,326
4294967279,324
301,13
301,0
301,12
301,10
4294967279,213
4294967293,131
4294967293,130
4294967293,129
4294967293,128
4294967293,127
4294967293,126
4294967293,125
4294967293,124
4294967293,123
4294967293,122
4294967293,121
4294967293,120
4294967293,119
4294967293,118
4294967293,117
4294967293,116
4294967293,115
4294967293,114
4294967293,113
4294967293,112
4294967293,111
4294967293,110
4294967293,109
4294967293,108
4294967293,107
4294967293,106
4294967293,105
4294967293,104
4294967293,103
4294967293,102
4294967293,101
4294967293,100
4294967293,99
4294967293,98
4294967293,97
4294967293,96
4294967293,95
4294967293,94
4294967293,93
4294967293,92
4294967293,91
4294967293,90
4294967293,89
4294967293,87
4294967293,86
4294967293,85
4294967293,84
4294967293,83
4294967293,82
4294967293,81
4294967293,80
4294967293,79
4294967293,78
4294967293,77
4294967293,76
4294967293,75
4294967293,74
4294967293,73
4294967293,72
4294967293,71
4294967293,70
4294967293,69
4294967293,68
4294967293,67
4294967293,66
4294967293,65
4294967293,64
4294967293,63
4294967293,62
4294967293,61
4294967293,60
4294967293,59
4294967293,58
4294967293,57
4294967293,56
4294967293,55
4294967293,54
4294967293,53
4294967293,52
4294967293,51
4294967293,50
4294967293,49
4294967293,48
4294967293,47
4294967293,46
4294967293,45
4294967293,44
4294967293,43
4294967293,42
4294967293,41
4294967293,40
4294967293,39
4294967293,38
4294967293,37
4294967293,36
4294967293,35
4294967293,34
4294967293,33
4294967293,32
4294967293,31
4294967293,30
4294967293,29
4294967293,28
4294967293,27
4294967293,26
4294967293,25
4294967293,24
4294967293,23
4294967293,22
4294967293,21
4294967293,20
4294967293,19
4294967293,18
4294967293,17
4294967293,16
4294967293,15
4294967293,14
4294967293,13
4294967293,12
4294967293,11
4294967293,10
4294967293,9
4294967293,8
4294967293,7
4294967293,6
4294967293,5
4294967293,4
4294967293,3
4294967279,108
4294967279,107
4294967279,106
4294967279,105
4294967279,104
4294967279,103
4294967279,102
4294967279,101
4294967279,100
4294967279,99
4294967279,98
4294967279,97
4294967279,96
4294967279,95
4294967279,94
4294967279,93
4294967279,92
4294967279,91
4294967279,90
4294967279,89
4294967279,87
4294967279,86
4294967279,85
4294967279,84
4294967279,83
4294967279,82
4294967279,81
4294967279,80
4294967279,79
4294967279,78
4294967279,77
4294967279,76
4294967279,73
4294967279,72
4294967279,71
4294967279,70
4294967279,69
4294967279,68
4294967279,67
4294967279,66
4294967279,65
4294967279,64
4294967279,63
4294967279,62
4294967279,61
4294967279,60
4294967279,58
4294967279,57
4294967279,56
4294967279,55
301,11
301,9
301,5
301,8
301,7
301,6
299,12
299,0
299,11
299,10
299,9
299,5
299,8
299,7
299,6
4294967278,210
4294967279,210
4294967278,209
4294967279,209
4294967279,208
4294967279,207
4294967279,206
4294967279,205
4294967279,201
4294967279,196
4294967279,195
4294967278,194
4294967279,194
4294967278,193
4294967279,192
4294967279,191
4294967279,190
4294967279,186
301,4
301,2
301,1
4294967278,387
299,4
299,3
299,2
299,1
297,6
4294967279,302
4294967279,187
297,5
297,4
297,3
297,2
297,1
296,5
296,4
296,3
296,2
296,1
4294967279,354
4294967279,59
295,5
295,4
295,3
295,2
295,1
4294967278,352
4294967278,351
4294967278,421
294,5
294,4
294,3
294,2
294,1
292,4
292,3
292,2
292,1
4294967279,353
4294967279,290
4294967294,1416
4294967294,400
4294967294,177
4294967294,168
4294967294,110
289,12
289,0
289,11
289,10
289,9
289,5
289,8
289,7
289,6
4294967278,161
4294967278,150
4294967278,146
4294967278,266
4294967279,282
291,5
291,4
291,2
291,1
4294967278,255
4294967278,390
289,4
289,3
289,2
289,1
4294967279,234
287,6
287,5
287,4
287,3
287,2
287,1
286,5
286,4
286,3
286,2
286,1
4294967294,1038
4294967294,1027
4294967279,352
4294967279,520
285,5
285,4
285,3
285,2
285,1
4294967279,551
4294967279,351
4294967278,381
284,5
284,4
284,3
284,2
284,1
282,4
282,3
282,2
282,1
4294967279,549
4294967294,394
4294967294,459
4294967294,454
4294967279,350
4294967279,562
279,12
279,0
279,11
279,10
279,9
279,5
279,8
4294967278,142
279,7
279,6
4294967278,141
4294967278,140
4294967278,364
4294967278,297
4294967278,319
281,5
281,4
281,2
281,1
4294967278,420
4294967278,138
4294967278,277
4294967278,134
4294967278,136
279,4
279,3
279,2
279,1
4294967278,133
4294967278,276
4294967279,278
277,6
4294967278,419
4294967278,312
277,5
277,4
277,3
277,2
277,1
276,5
276,4
276,3
276,2
276,1
4294967278,342
275,5
4294967278,308
4294967278,303
4294967278,367
4294967278,366
4294967278,388
4294967279,75
4294967279,74
4294967279,325
4294967279,537
275,4
275,3
275,2
275,1
4294967278,252
4294967279,529
4294967278,249
274,5
274,4
274,3
274,2
274,1
4294967294,197
4294967294,528
4294967294,1028
4294967278,227
272,4
272,3
272,2
272,1
4294967279,349
4294967279,348
269,12
269,0
4294967279,248
269,11
269,10
269,9
269,5
269,8
269,7
269,6
4294967278,236
4294967278,234
4294967278,220
4294967278,208
4294967279,347
4294967278,330
4294967278,199
4294967278,196
4294967294,385
4294967294,178
4294967294,409
4294967294,189
4294967294,160
4294967279,550
4294967278,309
271,5
271,4
271,2
271,1
4294967279,180
269,4
269,3
269,2
269,1
4294967278,418
267,6
267,5
267,4
267,3
267,2
267,1
4294967278,417
266,5
266,4
266,3
266,2
266,1
265,5
265,4
265,3
265,2
265,1
4294967279,346
4294967278,344
4294967279,137
4294967278,137
264,5
264,4
264,3
264,2
264,1
4294967279,266
263,5
263,4
263,3
263,2
263,1
4294967278,271
262,4
262,3
262,2
262,1
4294967294,183
4294967294,449
4294967294,461
4294967294,30
4294967294,61
4294967294,12
4294967278,320
4294967278,23
4294967278,22
4294967278,21
4294967278,20
4294967278,19
4294967278,18
4294967278,17
4294967278,16
4294967278,15
4294967279,522
259,12
259,0
259,11
259,10
259,9
259,5
259,8
4294967278,176
259,7
259,6
4294967279,164
4294967279,149
4294967279,148
4294967279,144
4294967279,345
261,5
261,4
261,2
261,1
4294967279,523
4294967279,323
259,4
259,3
259,2
259,1
257,6
4294967279,344
257,5
257,4
257,3
257,2
257,1
256,5
